16
06:00-07:00 1 1 1 1 1 1 1 1 1 1 0 1 0 0 0 1 1 0 1 0 1 0 1 0 1 0 0 1 1 1 1 1 1
07:00-08:00 1 1 0 1 0 0 1 1 1 1 1 1 1 1 0 1 0 1 0 0 0 1 1 1 1 1 1 1 1 0 1 0 1 1 1 1 1 0 1 1 1 0 1 1 0 1 0 1
08:00-09:00 0 0 1 0 1 0 0 0 1 0 1 0 0 1 1 1 1 0 1 0 1 1 1 0 1 0 0 0 0 1 1 0 0 1 0 1 0 1 0 1 0 1 0 1 1 1 1 1 0 0 1 0 1 0 1 0 1 1 0 0 1
09:00-10:00 1 1 1 1 0 0 0 0 1 0 1 0 0 0 1 0 0 1 1 1 0 1 0 1 0 1 1 1 0 1 0 1 0 1 0 1 0 1 0 1 1 1 0 1 0 1 0 1 0 1 0 1 0 0 0 1 1 0 1 1 1 0 1 0 1 0 
10:00-11:00 0 1 1 0 1 0 1 1 1 0 1 0 1 0 1 0 1 0 0 0 0 1 1 0 0 0 0 1 1 1 0 1 0 1 0 1 0 1 1 1 0 1 0 0 1 0 1 0 1 0 1 0 0 1 1 1 1 1 0 1 0 1 0 1 0 0 0 1
11:00-12:00 0 1 0 1 0 1 0 1 1 1 0 0 1 1 1 1 0 1 0 1 0 1 0 1 0 0 0 0 0 0 0 1 1 0 0 0 1 0 1 0 0 0 0 0
12:00-13:00 1 1 1 0 0 0 1 0 1 1 1 0 0 1 1 0 0 0 0 1 1 0 1 0 1 1 1 1 1 0 1 0 1 0 1 1 0 0 0 1 1 1 0 0 1 0 1
13:00-14:00 1 0 0 0 0 0 1 1 1 0 1 0 1 1 0 1 0 0 0 0 1 1 1 1 1 1 0 0 1 0 1 0 0 1 1 0 1 0 1 0 0 1 1 1 1 1 0 1 0 0 1 1 0 1 1 1
14:00-15:00 1 1 0 0 0 0 1 0 1 0 1 1 1 1 1 1 1 0 1 0 0 0 1 1 0 0 0 1 1 1 0 1 0 0 0 1 1 0 1 0 1 1 1 0 1 0 1 1 1 1 0 0 0 1
15:00-16:00 1 1 0 1 1 1 1 1 0 0 0 1 1 0 0 0 1 0 1 1 0 0 0 1 1 1 1 0 0 0 0 1 0 0 0 1 0 0 1 0 0 0 1 1 0 1 1 1 1 0 0 1 1 0 0 1 1
16:00-17:00 0 0 0 1 1 1 1 0 0 1 0 0 0 1 1 0 1 1 1 1 0 1 0 1 1 1 1 0 1 1 1 0 0 1 1 1 1 1 0 1 1 1 0 1 0 0 0 1 0 0 0 0 0 0 1 0 0 0 0 1 0 1
17:00-18:00 0 1 0 0 1 0 0 1 0 1 0 1 0 1 0 1 1 1 0 0 0 1 0 0 0 1 0 0 0 0 0 1 1 1 0 0 1 0 0 0 1 1 1 0 0 1 0 0 1 1 1 1 0 0 1 0 1 1 0 0 1
18:00-19:00 1 1 1 1 1 1 1 0 0 1 1 1 1 1 1 1 1 0 0 1 0 1 1 1 1 1 0 1 1 1 1 1 1 0 0 0 1 1 1 0 1 0 1 1 1 1 1 1 0 1 1 1 0 1 1 1 1 0 0 0 1 0 1 0 1 1 1 0 1 0 1 1 1 1 0 0 0 1
19:00-20:00 0 1 0 0 1 0 1 0 1 0 0 0 1 0 1 0 0 1 0 0 0 0 0 0 1 0 0 0 1 0 0 1 0 1 1 0 0 1 0 0 1 0 0 0 1 0 0 1 0 0 0 0 1 0 0 0 1 1 0 0 1 0 0 0 1 0 1 1 0
20:00-21:00 0 0 0 0 0 0 1 0 0 0 1 0 0 0 1 0 0 0 0 0 1 0 0 0 1 0 1 0 1 1 0 0 0 1 0 1 0 1 1 0 1 0 1 0 0 0 1 0 0 1 1 1 0 1 0 0 0 1 0 0 0 0 0 0 0 1
21:00-22:00 0 0 0 0 0 0 1 0 0 0 0 0 1 0 0 0 0 0 0 1 1 1 0 0 0 0 0 0 0 1 0 0 0 0 0 1 0 0 0 0 0 1 1 0 0 0 0 0